0 100 30 100 100 41 26 33 20 34 33 24 10
1 30 2 43 34 1 0 0 1 2 0 0 5
2 100 43 19 10 18 21 18 19 62 17 23 10
3 100 34 10 100 22 19 15 19 100 11 17 100
4 41 1 18 22 67 0 0 1 3 0 18 18
5 26 0 21 19 0 54 0 0 0 0 6 2
6 33 0 18 15 0 0 11 0 1 0 0 6
7 20 1 19 19 1 0 0 26 0 0 3 2
8 34 2 62 100 3 0 1 0 95 1 54 79
9 33 0 17 11 0 0 0 0 1 4 0 2
10 24 0 23 17 18 6 0 3 54 0 7 0
11 10 5 10 100 18 2 6 2 79 2 0 74

